f(-10) = -10.4
f(-9) = -9.4444444444444
f(-8) = -8.5
f(-7) = -7.5714285714286
f(-6) = -6.6666666666667
f(-5) = -5.8
f(-4) = -5
f(-3) = -4.3333333333333
f(-2) = -4
f(-1) = -5
f(0) = невозможно рассчитать (x = 0)
f(1) = 5
f(2) = 4
f(3) = 4.3333333333333
f(4) = 5
f(5) = 5.8
f(6) = 6.6666666666667
f(7) = 7.5714285714286
f(8) = 8.5
f(9) = 9.4444444444444
f(10) = 10.4
